562
371
582
464
466
373
396
380
411
479
400
386
455
405
462
431
439
486
485
438
458
460
471
509
448
446
475
488
467
473
446
442
474
447
464
450
380
373
392
391
397
390
387
388
379
393
403
384
401
373
380
399
392
393
389
422
385
373
409
393
399
404
417
363
367
384
394
434
407
428
380
371
384
402
397
389
382
374
387
398
387
379
407
368
382
386
393
445
418
431
378
367
388
409
398
396
428
368
363
402
389
411
401
391
371
381
538
381
421
390
374
380
389
386
408
400
396
415
380
400
400
394
388
409
364
375
394
398
388
403
393
376
376
396
425
405
390
397
394
365
376
405
393
390
423
387
371
377
397
382
412
398
403
379
377
388
403
387
389
424
369
359
405
399
400
418
408
379
368
406
409
403
400
414
380
376
384
387
393
419
395
365
370
384
405
405
383
384
414
369
363
401
393
402
402
425
360
376
383
399
411
428
420
384
370
378
418
393
400
412
360
362
397
389
407
406
391
381
386
375
406
403
406
404
422
365
366
401
401
400
404
428
370
372
382
399
406
422
397
371
367
384
401
394
395
424
367
386
393
389
380
405
391
375
374
373
408
513
399
378
416
359
362
404
396
397
401
391
390
388
399
390
398
391
419
374
366
388
393
385
392
413
353
360
403
384
393
398
388
371
384
398
391
394
391
401
435
372
358
429
386
391
422
422
362
381
384
391
404
393
404
408
365
378
400
394
386
392
378
368
398
413
388
401
392
406
376
374
397
416
420
389
425
358
368
408
388
394
407
413
363
362
380
408
391
396
420
354
373
427
394
380
421
389
370
381
411
395
407
385
399
418
365
357
399
397
408
407
422
395
370
407
402
405
402
401
373
368
377
398
386
381
412
361
364
386
389
390
400
401
395
401
372
378
402
391
410
408
368
372
417
399
405
401
397
377
383
498
456
419
397
413
393
365
402
387
396
407
425
368
369
397
397
400
401
409
367
368
380
399
400
391
401
371
370
396
418
405
407
400
400
378
372
389
409
404
396
416
361
373
400
388
399
415
415
366
361
382
399
418
435
386
365
375
387
416
396
387
401
363
364
404
410
380
407
409
391
392
365
388
431
403
389
413
370
376
396
409
381
392
402
357
368
398
406
414
404
434
369
375
400
411
397
411
439
373
375
412
398
400
408
394
361
384
378
390
406
431
383
383
368
372
413
400
396
410
392
372
375
394
402
407
411
441
362
379
384
419
396
413
402
353
371
396
392
399
392
397
400
379
377
390
388
394
411
385
368
394
539
385
404
386
424
403
366
402
394
395
415
419
368
385
373
400
401
384
400
372
374
390
413
399
391
399
367
366
414
402
389
401
427
549
457
380
407
385
386
405
429
359
382
380
393
405
398
399
379
371
405
390
402
393
395
384
376
378
388
406
386
399
412
376
381
413
381
381
407
405
373
387
396
408
390
385
414
353
356
453
399
398
409
403
371
376
384
386
404
409
414
376
359
390
407
391
411
409
368
368
400
380
400
399
470
359
363
389
399
403
398
404
374
371
388
413
393
468
405
364
349
398
405
392
402
401
365
393
384
383
391
384
404
373
367
385
406
390
381
417
372
365
396
398
384
411
405
357
374
401
520
415
433
407
384
356
395
401
394
377
415
364
370
391
397
399
407
407
370
381
390
406
409
382
416
362
365
378
422
394
387
404
368
359
405
396
387
408
394
365
369
395
388
404
385
400
369
362
381
406
397
386
410
369
382
397
387
392
402
399
373
374
384
381
399
392
406
376
356
392
396
377
382
419
364
360
408
384
387
398
403
401
382
381
381
400
391
402
382
352
389
400
395
393
397
363
363
382
381
386
400
402
384
383
374
438
403
387
380
424
370
374
408
398
391
401
390
365
395
398
389
415
395
401
379
367
397
412
413
410
416
373
395
404
401
397
412
411
366
369
388
398
405
400
404
372
365
404
394
392
404
399
438
369
391
391
426
391
396
369
365
392
409
389
375
415
362
347
405
405
399
412
404
355
385
399
379
411
398
391
369
369
388
411
394
395
402
354
369
399
396
399
439
428
379
359
371
407
392
399
400
351
368
405
394
383
398
384
366
375
382
383
395
390
389
403
366
375
395
372
391
393
398
367
374
387
384
405
384
411
376
374
383
406
396
405
426
354
370
407
397
400
398
398
379
376
378
377
405
422
421
379
360
403
406
396
392
425
373
375
394
376
398
402
422
356
369
397
387
391
399
415
386
367
416
395
396
388
427
364
362
396
392
383
404
406
370
374
382
395
405
380
